9
18
62
78
84
96
98
135
137
176
180
194
200
201
209
217
251
252
264
277
281
286
304
316
331
333
334
360
377
435
455
471
473
484
487
513
549
633
657
668
687
702
712
719
722
748
834
835
863
869
910
980
997
1006
1012
1028
1030
1039
1078
1083
1101
1119
1141
1191
1207
1214
1239
1259
1270
1285
1289
1342
1354
1379
1390
1397
1437
1458
1491
1496
1499
1514
1516
1534
1553
1563
1602
1610
1640
1666
1670
1684
1690
1698
1703
1744
1762
1788
1803
1815
1816
1831
1872
1881
1892
1903
1915
1935
1953
1979
1985
2018
2019
2047
2048
2091
2096
2102
2112
2122
2125
2130
2141
2182
2204
2206
2252
2302
2309
2334
2336
2346
2400
2404
2418
2440
2510
2529
2540
2543
2545
2561
2570
2575
2602
2613
2625
2634
2690
2695
2707
2710
2729
2755
2790
2793
2818
2837
2866
2902
2906
2929
2982
2994
3006
3031
3041
3065
3081
3119
3121
3168
3186
3196
3197
3213
3267
3283
3292
3293
3298
3347
3394
3409
3412
3416
3432
3453
3455
3503
3517
3519
3540
3560
3602
3611
3623
3735
3738
3770
3785
3802
3823
3836
3842
3858
3864
3881
3915
3922
3929
3938
3949
3979
3981
3991
3992
3993
3997
3998
4001
4007
4082
4086
4128
4132
4133
4139
4142
4163
4207
4297
4304
4318
4323
4331
4338
4339
4346
4357
4361
4377
4392
4416
4472
4476
4483
4488
4494
4508
4520
4521
4566
4571
4575
4596
4597
4599
4600
4630
4640
4672
4676
4712
4714
4718
4743
4752
4760
4768
4773
4781
4783
4795
4844
4849
4851
4864
4875
4876
4937
4946
4948
4953
4976
4997
5006
5065
5091
5096
5126
5158
5168
5187
5201
5218
5226
5236
5242
5248
5254
5270
5285
5301
5321
5335
5336
5368
5369
5370
5376
5389
5420
5430
5479
5487
5491
5533
5539
5561
5568
5593
5616
5628
5635
5660
5673
5678
5707
5755
5785
5790
5818
5822
5843
5852
5883
5889
5891
5917
5918
5922
5953
5995
6001
6013
6016
6029
6037
6040
6050
6054
6057
6064
6077
6082
6119
6142
6151
6160
6165
6173
6175
6193
6194
6195
6197
6228
6254
6259
6267
6270
6275
6279
6288
6330
6363
6381
6395
6411
6415
6447
6490
6494
6502
6506
6523
6536
6597
6610
6620
6622
6629
6654
6663
6670
6678
6724
6756
6761
6796
6799
6823
6830
6840
6853
6864
6876
6887
6917
6930
6931
6934
6947
6967
6968
6976
6977
6999
7006
7007
7014
7016
7052
7081
7120
7139
7169
7234
7243
7250
7257
7264
7316
7332
7388
7397
7405
7469
7489
7524
7531
7551
7573
7574
7579
7612
7618
7625
7638
7646
7652
7678
7736
7748
7751
7755
7769
7774
7814
7815
7830
7833
7843
7847
7869
7914
7920
7948
7960
