10
15
16
31
37
40
43
47
56
57
62
65
67
75
85
111
113
128
136
138
158
161
163
166
172
183
186
210
212
214
247
258
269
282
286
301
303
306
315
342
353
355
358
362
363
371
373
394
395
412
414
415
426
429
446
451
470
475
481
484
485
514
534
536
539
548
549
552
554
563
577
578
579
583
613
623
626
633
635
637
638
642
652
658
666
669
670
696
708
716
721
726
732
746
752
757
758
760
761
772
796
807
810
837
838
845
850
853
861
877
890
894
896
903
905
907
910
912
921
923
925
927
929
937
943
946
952
953
959
979
992
994
996
999
1005
1018
1019
1032
1035
1044
1061
1063
1066
1071
1072
1075
1077
1088
1093
1096
1098
1106
1134
1135
1137
1144
1152
1158
1163
1169
1191
1195
1212
1222
1229
1231
1236
1240
1247
1252
1255
1256
1262
1265
1268
1273
1275
1277
1280
1282
1299
1306
1308
1322
1327
1329
1335
1336
1337
1347
1351
1357
1360
1364
1366
1372
1378
1381
1383
1396
1405
1411
1417
1418
1420
1423
1432
1449
1483
1489
1497
1520
1541
1542
1548
1556
1558
1566
1579
1591
1595
1596
1602
1603
1608
1610
1624
1634
1643
1645
1653
1655
1658
1660
1661
1663
1671
1680
1703
1705
1706
1715
1719
1751
1769
1772
1774
1777
1782
1788
1789
1804
1805
1806
1815
1824
1828
1836
1838
1844
1861
1865
1868
1871
1874
1878
1889
1893
1895
1908
1916
1923
1925
1928
1934
1935
1936
1939
1945
1953
1955
1957
1958
1960
1966
1982
1987
1995
1997
